                  TOPIC_1	0.99451	                  TOPIC_2	0.00284	                  TOPIC_3	0.00265	

                        1	0.16698	                       30	0.21366	                       10	0.24660	
                       50	0.16684	                       20	0.19707	                       20	0.24660	
                       40	0.16675	                       40	0.18049	                       30	0.14002	
                       30	0.16660	                       10	0.16390	                       50	0.14002	
                       10	0.16646	                       50	0.13073	                       40	0.12226	
                       20	0.16637	                        1	0.11415	                        1	0.10449	


